0000000000000000
0000000000000000
0000000000000000
0000000000000000
0000000000000000
0000000000000000
0000000000000000
0000000000000000
0000000000000000
0000000000000000
0000000000000000
0000000000000000
0000000000000000
0000000000000000
0000000000000000
0000000000000000
0000000000000000
0000000000000000
0000000000000000
0000000000000000
0000000000000000
0000000000000000
0000000000000000
0000000000000000
0000000000000000
0000000000000000
0000000000000000
0000000000000000
0000000000000000
0000000000000000
0000000000000000
0001000000000000 //31
0001000000000000
0001000000000000
0001000000000000
0001000000000000
0001000000000000
0001000000000001
0001000000000001
0001000000000001
0001000000000010
0001000000000011
0010000000110001
0000000000000000
0000000000000000
0000000000000000
0000000000000000
0000000000000000
0000000000000000
1001000000000000 //test program from assignment
1001000001001010
1001000010010100
1011000001000000 //loop
0001000000000000
0001000000000001
1000000001000010
0011000000110100 //jne loop
0000000000000000